0.0 red 400 500
0.2 blue 400 800
0.3 blue 500 800
0.4 blue 600 800
0.5 red 1400 500
0.7 blue 1400 200
0.8 blue 1300 200
0.9 blue 1200 200
1.0 blue 1100 200
1.2 green 900 300
1.3 green 700 500
1.4 green 500 300
1.5 green 300 500
1.6 green 100 300
1.8 blue 1400 200
1.9 blue 1300 500
2.0 blue 1200 800
2.2 red 960 540
2.4 blue 500 200
2.5 blue 600 300
2.6 blue 700 400
2.7 red 200 200
2.8 red 1800 200
2.9 red 1800 900
3.0 red 200 900
3.1 red 960 540
3.4 green 1500 400
3.5 green 1500 500
3.6 blue 870 450
3.7 blue 1100 650
3.9 green 400 400
4.0 green 400 500
4.2 blue 1100 450
4.3 blue 870 650